0   2024-01-01
1   2024-01-02
2   2024-01-03
3   2024-01-04
4   2024-01-05
dtype: datetime64[us]
0   2024-01-31
1   2024-02-29
2   2024-03-31
3   2024-04-30
4   2024-05-31
5   2024-06-30
6   2024-07-31
7   2024-08-31
dtype: datetime64[us]
0   2024-01-01 00:00:00
1   2024-01-01 01:00:00
2   2024-01-01 02:00:00
3   2024-01-01 03:00:00
4   2024-01-01 04:00:00
5   2024-01-01 05:00:00
6   2024-01-01 06:00:00
7   2024-01-01 07:00:00
dtype: datetime64[us]
0   2024-12-31
1   2025-12-31
2   2026-12-31
3   2027-12-31
4   2028-12-31
5   2029-12-31
6   2030-12-31
7   2031-12-31
dtype: datetime64[us]
0   2024-01-01
1   2024-01-06
2   2024-01-11
3   2024-01-16
4   2024-01-21
5   2024-01-26
6   2024-01-31
7   2024-02-05
dtype: datetime64[us]
     Ticker       Fecha  Cierre  Referencia  ...  Ultimo   Alto   Bajo  Promedio
0       ANA  02/01/2019   74.80       73.90  ...   74.80  75.16  72.38   74.3518
1       ANA  03/01/2019   76.34       74.80  ...   76.34  76.60  74.54   75.7687
2       ANA  04/01/2019   76.62       76.34  ...   76.62  77.40  76.40   76.8162
3       ANA  07/01/2019   77.14       76.62  ...   77.14  77.30  75.62   76.6504
4       ANA  08/01/2019   78.24       77.14  ...   78.24  78.46  77.00   78.0409
...     ...         ...     ...         ...  ...     ...    ...    ...       ...
8570    VIS  09/12/2019   48.70       48.76  ...   48.70  48.96  48.44   48.6710
8571    VIS  10/12/2019   48.16       48.70  ...   48.16  48.74  47.70   48.1201
8572    VIS  11/12/2019   47.96       48.16  ...   47.96  48.42  47.52   47.8169
8573    VIS  12/12/2019   48.42       47.96  ...   48.42  48.66  47.76   48.3731
8574    VIS  13/12/2019   48.64       48.42  ...   48.64  49.18  48.12   48.6758

[8575 rows x 10 columns]
     Ticker      Fecha  Cierre  Referencia  ...  Ultimo   Alto   Bajo  Promedio
0       ANA 2019-01-02   74.80       73.90  ...   74.80  75.16  72.38   74.3518
1       ANA 2019-01-03   76.34       74.80  ...   76.34  76.60  74.54   75.7687
2       ANA 2019-01-04   76.62       76.34  ...   76.62  77.40  76.40   76.8162
3       ANA 2019-01-07   77.14       76.62  ...   77.14  77.30  75.62   76.6504
4       ANA 2019-01-08   78.24       77.14  ...   78.24  78.46  77.00   78.0409
...     ...        ...     ...         ...  ...     ...    ...    ...       ...
8570    VIS 2019-12-09   48.70       48.76  ...   48.70  48.96  48.44   48.6710
8571    VIS 2019-12-10   48.16       48.70  ...   48.16  48.74  47.70   48.1201
8572    VIS 2019-12-11   47.96       48.16  ...   47.96  48.42  47.52   47.8169
8573    VIS 2019-12-12   48.42       47.96  ...   48.42  48.66  47.76   48.3731
8574    VIS 2019-12-13   48.64       48.42  ...   48.64  49.18  48.12   48.6758

[8575 rows x 10 columns]
     Ticker      Fecha  Cierre  Referencia  ...  Ultimo   Alto   Bajo  Promedio
0       ANA 2019-01-02   74.80       73.90  ...   74.80  75.16  72.38   74.3518
1       ANA 2019-01-03   76.34       74.80  ...   76.34  76.60  74.54   75.7687
2       ANA 2019-01-04   76.62       76.34  ...   76.62  77.40  76.40   76.8162
3       ANA 2019-01-07   77.14       76.62  ...   77.14  77.30  75.62   76.6504
4       ANA 2019-01-08   78.24       77.14  ...   78.24  78.46  77.00   78.0409
...     ...        ...     ...         ...  ...     ...    ...    ...       ...
8570    VIS 2019-12-09   48.70       48.76  ...   48.70  48.96  48.44   48.6710
8571    VIS 2019-12-10   48.16       48.70  ...   48.16  48.74  47.70   48.1201
8572    VIS 2019-12-11   47.96       48.16  ...   47.96  48.42  47.52   47.8169
8573    VIS 2019-12-12   48.42       47.96  ...   48.42  48.66  47.76   48.3731
8574    VIS 2019-12-13   48.64       48.42  ...   48.64  49.18  48.12   48.6758

[8575 rows x 10 columns]
2019-03-05 00:00:00
2019
3
0      2019-01-12
1      2019-01-13
2      2019-01-14
3      2019-01-17
4      2019-01-18
          ...    
8570   2019-12-19
8571   2019-12-20
8572   2019-12-21
8573   2019-12-22
8574   2019-12-23
Name: Fecha, Length: 8575, dtype: datetime64[us]
